i  x         y         mp        pa        a         vx        vy        mv        va        
0  9.000000  9.000000  12.727922 0.785398  0.785398  9.000000  9.000000  12.727922 0.785398  
1  63.500000 63.500000 89.802561 0.785398  -0.785398 -9.000000 9.000000  12.727922 -0.785398 
2  7.000000  120.000000120.2039931.512529  -0.785398 -9.000000 -9.000000 12.727922 0.785398  
3  -63.50000049.500000 80.513974 -0.662132 -0.785398 9.000000  -9.000000 12.727922 -0.785398 
4  -48.84495234.844952 60.000000 -0.619649 0.165749  -11.4391475.580853  12.727922 -0.453899 
5  -63.50000041.994757 76.130215 -0.584302 0.453899  11.439147 5.580853  12.727922 0.453899  
6  63.500000 103.954657121.8146981.022442  -0.453899 -11.4391475.580853  12.727922 -0.453899 
7  30.611655 120.000000123.8429391.321026  -1.116897 -11.439147-5.580853 12.727922 0.453899  
8  -63.50000074.085443 97.575114 -0.862184 -0.453899 11.439147 -5.580853 12.727922 -0.453899 
9  -24.19048254.907382 60.000000 -1.155813 -0.701914 3.602122  12.207568 12.727922 1.283866  
